%YAML:1.0
---
CameraColor: !!opencv-matrix
   rows: 3
   cols: 3
   dt: d
   data: [ 610.90966796875, 0.0, 325.97857666015625, 
           0.0, 610.1874389648438, 228.50498962402344, 
           0.0, 0.0, 1.0 ]
CameraDepth: !!opencv-matrix
   rows: 3
   cols: 3
   dt: d
   data: [ 384.6130676269531, 0.0, 319.5439758300781, 
           0.0, 384.6130676269531, 240.34002685546875, 
           0.0, 0.0, 1.0 ]
CameraInf1: !!opencv-matrix
   rows: 3
   cols: 3
   dt: d
   data: [ 384.6130676269531, 0.0, 319.5439758300781, 
           0.0, 384.6130676269531, 240.34002685546875, 
           0.0, 0.0, 1.0 ]
CameraInf2: !!opencv-matrix
   rows: 3
   cols: 3
   dt: d
   data: [ 384.6130676269531, 0.0, 319.5439758300781, 
           0.0, 384.6130676269531, 240.34002685546875, 
           0.0, 0.0, 1.0 ]

       
T_color_depth: !!opencv-matrix
   rows: 4
   cols: 4
   dt: d
   data: [ 0.9999839067459106, -0.005434882361441851, 0.0016148093855008483, 0.014913409948348999,
           0.005436081439256668, 0.9999849796295166, -0.0007390331011265516, -7.743491005385295e-05,
          -0.0016107684932649136, 0.0007477994658984244, 0.9999984502792358, -0.00016766598855610937,
          0., 0., 0., 1.0 ]

T_color_infra1: !!opencv-matrix
   rows: 4
   cols: 4
   dt: d
   data: [ 0.9999740992390262, -0.005919615305500767, 0.004093776463678999, -0.01492069394851882,
           0.0058928819170320276, 0.9999614346600406, 0.006511768987522301, -0.004975900660240464,
          -0.004132165753162379, -0.006487476186455048, 0.9999704184919272, 0.004532347180825026,
          0., 0., 0., 1.0 ]

T_color_infra2: !!opencv-matrix
   rows: 4
   cols: 4
   dt: d
   data: [ 0.9999673349038122, -0.005110858369343545, 0.006261649311313197, -0.0655975083698927,
           0.005093651740198929, 0.9999832161747992, 0.0027608115938279713, -0.005150553718823763,
          -0.006275654333926177, -0.002728826750740614, 0.9999765845594825, 0.0029768400366577516,
          0., 0., 0., 1.0 ]

