cam0:
  T_cam_imu:
  - [0.9999668139872899, -0.0041735454887482015, -0.006996602186930915, 0.027440375461860542]
  - [0.0039552173429936, 0.9995136187981732, -0.030933510837759682, 0.028352423269306138]
  - [0.007122301585758607, 0.030904811195564073, 0.9994969562060148, -0.020347800304114982]
  - [0.0, 0.0, 0.0, 1.0]
  cam_overlaps: []
  camera_model: pinhole
  distortion_coeffs: [0.1372510576856696, -0.2683337016041994, 0.0014174280363755487,
    -0.0004939688546661194]
  distortion_model: radtan
  intrinsics: [605.9330294201479, 605.5068986791808, 325.58744317632284, 234.7519734678075]
  resolution: [640, 480]
  rostopic: /camera/color/image_raw
  timeshift_cam_imu: 0.01526723311436284
