VGA Intrinsics left: {width: [640], height: [480], fx: [518.16967773437500000], fy: [518.61022949218750000], cx: [316.13784790039062500], cy: [243.13198852539062500], coeffs: [0.02539062500000000, -0.03934860229492188, -0.00125503540039062, -0.00078582763671875, 0.00000000000000000], p: [540.00000000000000000, 0.00000000000000000, 315.46777343750000000, 0.00000000000000000, 0.00000000000000000, 540.00000000000000000, 243.35241699218750000, 0.00000000000000000, 0.00000000000000000, 0.00000000000000000, 1.00000000000000000, 0.00000000000000000], r: [0.99998176097869873, 0.00599598884582520, -0.00053966045379639, -0.00599861145019531, 0.99996888637542725, -0.00510001182556152, 0.00050902366638184, 0.00510311126708984, 0.99998676776885986]}
VGA Intrinsics right: {width: [640], height: [480], fx: [515.38696289062500000], fy: [515.76184082031250000], cx: [324.57022094726562500], cy: [243.57254028320312500], coeffs: [0.02940368652343750, -0.04735183715820312, 0.00109863281250000, -0.00098037719726562, 0.00000000000000000], p: [540.00000000000000000, 0.00000000000000000, 315.46777343750000000, -63639.69921875000000000, 0.00000000000000000, 540.00000000000000000, 243.35241699218750000, 0.00000000000000000, 0.00000000000000000, 0.00000000000000000, 1.00000000000000000, 0.00000000000000000], r: [0.99990868568420410, 0.00497102737426758, 0.01256132125854492, -0.00503504276275635, 0.99997437000274658, 0.00507009029388428, -0.01253581047058105, -0.00513291358947754, 0.99990820884704590]}
VGA Extrinsics left to right: {rotation: [0.99991440773010254, 0.00089645385742188, -0.01304960250854492, -0.00103008747100830, 0.99994707107543945, -0.01023542881011963, 0.01303970813751221, 0.01024794578552246, 0.99986243247985840], translation: [-120.24252319335937500, 0.00000000000000000, 0.00000000000000000]}
HD Intrinsics left: {width: [1280], height: [720], fx: [1035.86462402343750000], fy: [1036.88574218750000000], cx: [633.27093505859375000], cy: [365.62481689453125000], coeffs: [0.02419662475585938, -0.03836059570312500, -0.00165176391601562, -0.00063323974609375, 0.00000000000000000], p: [1100.00000000000000000, 0.00000000000000000, 643.31420898437500000, 0.00000000000000000, 0.00000000000000000, 1100.00000000000000000, 370.34545898437500000, 0.00000000000000000, 0.00000000000000000, 0.00000000000000000, 1.00000000000000000, 0.00000000000000000], r: [0.99994945526123047, 0.00528490543365479, -0.00854825973510742, -0.00531923770904541, 0.99997782707214355, -0.00400185585021973, 0.00852692127227783, 0.00404715538024902, 0.99995541572570801]}
HD Intrinsics right: {width: [1280], height: [720], fx: [1032.66577148437500000], fy: [1033.53601074218750000], cx: [650.05773925781250000], cy: [376.06576538085937500], coeffs: [0.02393341064453125, -0.03737258911132812, 0.00037384033203125, -0.00112533569335938, 0.00000000000000000], p: [1100.00000000000000000, 0.00000000000000000, 643.31420898437500000, -126252.81250000000000000, 0.00000000000000000, 1100.00000000000000000, 370.34545898437500000, 0.00000000000000000, 0.00000000000000000, 0.00000000000000000, 1.00000000000000000, 0.00000000000000000], r: [0.99998033046722412, 0.00416040420532227, 0.00469279289245605, -0.00417923927307129, 0.99998319149017334, 0.00401473045349121, -0.00467598438262939, -0.00403428077697754, 0.99998092651367188]}
HD Extrinsics left to right: {rotation: [0.99991214275360107, 0.00108671188354492, -0.01320719718933105, -0.00119340419769287, 0.99996662139892578, -0.00807142257690430, 0.01319789886474609, 0.00808656215667725, 0.99988019466400146], translation: [-120.19998931884765625, 0.00000000000000000, 0.00000000000000000]}